Carbon
60
1.48346666666663e-12 1.23228016666667e-10 -3.26088376666667e-10
1.23676466666667e-10 1.71979016666667e-10 -2.76854376666667e-10
2.29268466666667e-10 8.26390166666669e-11 -2.49253376666667e-10
2.12238466666667e-10 -5.50879833333331e-11 -2.70999376666667e-10
8.95474666666666e-11 -1.04037983333333e-10 -3.20434376666667e-10
-1.56155333333334e-11 -1.50609833333331e-11 -3.47922376666667e-10
-1.01882533333333e-10 1.98451016666667e-10 -2.67876376666667e-10
-4.35735333333334e-11 2.93693016666667e-10 -1.82665376666667e-10
9.58294666666666e-11 2.77332016666667e-10 -1.88214376666667e-10
1.73460466666667e-10 2.93775016666667e-10 -7.16123766666666e-11
3.06584466666667e-10 9.90160166666668e-11 -1.33125376666667e-10
2.79030466666667e-10 -1.23831983333333e-10 -1.68310376666667e-10
2.23402466666667e-10 -2.41805983333333e-10 -1.14638376666667e-10
1.01209466666667e-10 -2.90556983333333e-10 -1.63872376666667e-10
3.41464666666666e-11 -2.21532983333333e-10 -2.66979376666667e-10
-1.05257533333333e-10 -2.05171983333333e-10 -2.61431376666667e-10
-1.36011533333333e-10 -7.75649833333332e-11 -3.11456376666667e-10
-2.39799533333333e-10 -2.03498333333316e-12 -2.53007376666667e-10
-2.22769533333333e-10 1.35692016666667e-10 -2.31261376666667e-10
-1.05913533333333e-10 3.26563016666667e-10 -6.04933766666666e-11
-2.26309533333333e-10 2.64059016666667e-10 -2.40273766666666e-11
-2.84856533333333e-10 1.68429016666667e-10 -1.09585376666667e-10
-3.40258533333333e-10 5.09350166666668e-11 -5.61303766666666e-11
-3.12411533333333e-10 -5.44179833333331e-11 -1.44770376666667e-10
-2.81531533333333e-10 -1.82544983333333e-10 -9.45413766666666e-11
-1.78165533333333e-10 -2.57767983333333e-10 -1.52752376666667e-10
-1.11373533333333e-10 -3.26511983333333e-10 -5.00643766666665e-11
2.85974666666666e-11 -3.42939983333333e-10 -5.56353766666666e-11
3.37339466666667e-10 -2.85909833333331e-11 -8.31003766666666e-11
1.01882466666667e-10 -1.98450983333333e-10 2.67876223333333e-10
2.22769466666667e-10 -1.35691983333333e-10 2.31261823333333e-10
2.39799466666667e-10 2.03501666666686e-12 2.53007523333334e-10
1.36011466666667e-10 7.75650166666669e-11 3.11456623333333e-10
1.56154666666666e-11 1.50610166666668e-11 3.47922623333334e-10
-1.23676533333333e-10 -1.71978983333333e-10 2.76853623333333e-10
-9.58295333333334e-11 -2.77331983333333e-10 1.88213923333333e-10
4.35734666666666e-11 -2.93692983333333e-10 1.82665523333333e-10
1.05913466666667e-10 -3.26562983333333e-10 6.04926233333335e-11
2.26310466666667e-10 -2.64058983333333e-10 2.40266233333334e-11
2.84856466666667e-10 -1.68428983333333e-10 1.09585623333333e-10
3.12411466666667e-10 5.44180166666669e-11 1.44770623333333e-10
2.81531466666667e-10 1.82545016666667e-10 9.45412233333334e-11
1.78165466666667e-10 2.57768016666667e-10 1.52753623333333e-10
1.05257466666667e-10 2.05172016666667e-10 2.61431123333333e-10
-3.41465333333334e-11 2.21532016666667e-10 2.66979523333333e-10
-8.95475333333334e-11 1.04038016666667e-10 3.20433623333333e-10
-2.12238533333333e-10 5.50880166666668e-11 2.70999323333333e-10
-2.29268533333333e-10 -8.26389833333331e-11 2.49253523333333e-10
-1.73460533333333e-10 -2.93774983333333e-10 7.16126233333335e-11
-2.78624533333333e-10 -2.04797983333333e-10 4.41236233333334e-11
-3.06584533333334e-10 -9.90159833333332e-11 1.33125623333333e-10
-3.37338533333333e-10 2.85910166666668e-11 8.31006233333335e-11
-2.79030533333333e-10 1.23832016666667e-10 1.68310723333333e-10
-2.23402533333333e-10 2.41806016666667e-10 1.14638623333333e-10
-1.01209533333333e-10 2.90557016666667e-10 1.63872623333333e-10
-2.85975333333334e-11 3.42940016666667e-10 5.56356233333335e-11
1.11373466666667e-10 3.26512016666667e-10 5.00646233333334e-11
3.40258466666667e-10 -5.09349833333332e-11 5.61306233333335e-11
2.78624466666667e-10 2.04798016666667e-10 -4.41243766666666e-11
-1.4835333333334e-12 -1.23227983333333e-10 3.26087623333333e-10
