Carbon
240
0.19586 -0.19586 -1.243375
0.17669 -0.07481 -1.030225
0.19586 -0.19586 -1.101275
0.17669 -0.07481 -0.888125
0.19586 -0.19586 -0.817075
0.17669 -0.07481 -0.603925
0.19586 -0.19586 -0.674975
0.17669 -0.07481 -0.461825
0.19586 -0.19586 -0.390775
0.17669 -0.07481 -0.177625
0.19586 -0.19586 -0.248675
0.17669 -0.07481 -0.035525
0.19586 -0.19586 0.035525
0.17669 -0.07481 0.248675
0.19586 -0.19586 0.177625
0.17669 -0.07481 0.390775
0.19586 -0.19586 0.461825
0.17669 -0.07481 0.674975
0.19586 -0.19586 0.603925
0.17669 -0.07481 0.817075
0.19586 -0.19586 0.888125
0.17669 -0.07481 1.101275
0.19586 -0.19586 1.030225
0.17669 -0.07481 1.243375
0.12105 0.03439 -1.243375
0.03439 0.12105 -1.030225
0.12105 0.03439 -1.101275
0.03439 0.12105 -0.888125
0.12105 0.03439 -0.817075
0.03439 0.12105 -0.603925
0.12105 0.03439 -0.674975
0.03439 0.12105 -0.461825
0.12105 0.03439 -0.390775
0.03439 0.12105 -0.177625
0.12105 0.03439 -0.248675
0.03439 0.12105 -0.035525
0.12105 0.03439 0.035525
0.03439 0.12105 0.248675
0.12105 0.03439 0.177625
0.03439 0.12105 0.390775
0.12105 0.03439 0.461825
0.03439 0.12105 0.674975
0.12105 0.03439 0.603925
0.03439 0.12105 0.817075
0.12105 0.03439 0.888125
0.03439 0.12105 1.101275
0.12105 0.03439 1.030225
0.03439 0.12105 1.243375
-0.07481 0.17669 -1.243375
-0.19586 0.19586 -1.030225
-0.07481 0.17669 -1.101275
-0.19586 0.19586 -0.888125
-0.07481 0.17669 -0.817075
-0.19586 0.19586 -0.603925
-0.07481 0.17669 -0.674975
-0.19586 0.19586 -0.461825
-0.07481 0.17669 -0.390775
-0.19586 0.19586 -0.177625
-0.07481 0.17669 -0.248675
-0.19586 0.19586 -0.035525
-0.07481 0.17669 0.035525
-0.19586 0.19586 0.248675
-0.07481 0.17669 0.177625
-0.19586 0.19586 0.390775
-0.07481 0.17669 0.461825
-0.19586 0.19586 0.674975
-0.07481 0.17669 0.603925
-0.19586 0.19586 0.817075
-0.07481 0.17669 0.888125
-0.19586 0.19586 1.101275
-0.07481 0.17669 1.030225
-0.19586 0.19586 1.243375
-0.31691 0.17669 -1.243375
-0.42611 0.12105 -1.030225
-0.31691 0.17669 -1.101275
-0.42611 0.12105 -0.888125
-0.31691 0.17669 -0.817075
-0.42611 0.12105 -0.603925
-0.31691 0.17669 -0.674975
-0.42611 0.12105 -0.461825
-0.31691 0.17669 -0.390775
-0.42611 0.12105 -0.177625
-0.31691 0.17669 -0.248675
-0.42611 0.12105 -0.035525
-0.31691 0.17669 0.035525
-0.42611 0.12105 0.248675
-0.31691 0.17669 0.177625
-0.42611 0.12105 0.390775
-0.31691 0.17669 0.461825
-0.42611 0.12105 0.674975
-0.31691 0.17669 0.603925
-0.42611 0.12105 0.817075
-0.31691 0.17669 0.888125
-0.42611 0.12105 1.101275
-0.31691 0.17669 1.030225
-0.42611 0.12105 1.243375
-0.51277 0.03439 -1.243375
-0.56841 -0.07481 -1.030225
-0.51277 0.03439 -1.101275
-0.56841 -0.07481 -0.888125
-0.51277 0.03439 -0.817075
-0.56841 -0.07481 -0.603925
-0.51277 0.03439 -0.674975
-0.56841 -0.07481 -0.461825
-0.51277 0.03439 -0.390775
-0.56841 -0.07481 -0.177625
-0.51277 0.03439 -0.248675
-0.56841 -0.07481 -0.035525
-0.51277 0.03439 0.035525
-0.56841 -0.07481 0.248675
-0.51277 0.03439 0.177625
-0.56841 -0.07481 0.390775
-0.51277 0.03439 0.461825
-0.56841 -0.07481 0.674975
-0.51277 0.03439 0.603925
-0.56841 -0.07481 0.817075
-0.51277 0.03439 0.888125
-0.56841 -0.07481 1.101275
-0.51277 0.03439 1.030225
-0.56841 -0.07481 1.243375
-0.58758 -0.19586 -1.243375
-0.56841 -0.31691 -1.030225
-0.58758 -0.19586 -1.101275
-0.56841 -0.31691 -0.888125
-0.58758 -0.19586 -0.817075
-0.56841 -0.31691 -0.603925
-0.58758 -0.19586 -0.674975
-0.56841 -0.31691 -0.461825
-0.58758 -0.19586 -0.390775
-0.56841 -0.31691 -0.177625
-0.58758 -0.19586 -0.248675
-0.56841 -0.31691 -0.035525
-0.58758 -0.19586 0.035525
-0.56841 -0.31691 0.248675
-0.58758 -0.19586 0.177625
-0.56841 -0.31691 0.390775
-0.58758 -0.19586 0.461825
-0.56841 -0.31691 0.674975
-0.58758 -0.19586 0.603925
-0.56841 -0.31691 0.817075
-0.58758 -0.19586 0.888125
-0.56841 -0.31691 1.101275
-0.58758 -0.19586 1.030225
-0.56841 -0.31691 1.243375
-0.51277 -0.42611 -1.243375
-0.42611 -0.51277 -1.030225
-0.51277 -0.42611 -1.101275
-0.42611 -0.51277 -0.888125
-0.51277 -0.42611 -0.817075
-0.42611 -0.51277 -0.603925
-0.51277 -0.42611 -0.674975
-0.42611 -0.51277 -0.461825
-0.51277 -0.42611 -0.390775
-0.42611 -0.51277 -0.177625
-0.51277 -0.42611 -0.248675
-0.42611 -0.51277 -0.035525
-0.51277 -0.42611 0.035525
-0.42611 -0.51277 0.248675
-0.51277 -0.42611 0.177625
-0.42611 -0.51277 0.390775
-0.51277 -0.42611 0.461825
-0.42611 -0.51277 0.674975
-0.51277 -0.42611 0.603925
-0.42611 -0.51277 0.817075
-0.51277 -0.42611 0.888125
-0.42611 -0.51277 1.101275
-0.51277 -0.42611 1.030225
-0.42611 -0.51277 1.243375
-0.31691 -0.56841 -1.243375
-0.19586 -0.58758 -1.030225
-0.31691 -0.56841 -1.101275
-0.19586 -0.58758 -0.888125
-0.31691 -0.56841 -0.817075
-0.19586 -0.58758 -0.603925
-0.31691 -0.56841 -0.674975
-0.19586 -0.58758 -0.461825
-0.31691 -0.56841 -0.390775
-0.19586 -0.58758 -0.177625
-0.31691 -0.56841 -0.248675
-0.19586 -0.58758 -0.035525
-0.31691 -0.56841 0.035525
-0.19586 -0.58758 0.248675
-0.31691 -0.56841 0.177625
-0.19586 -0.58758 0.390775
-0.31691 -0.56841 0.461825
-0.19586 -0.58758 0.674975
-0.31691 -0.56841 0.603925
-0.19586 -0.58758 0.817075
-0.31691 -0.56841 0.888125
-0.19586 -0.58758 1.101275
-0.31691 -0.56841 1.030225
-0.19586 -0.58758 1.243375
-0.07481 -0.56841 -1.243375
0.03439 -0.51277 -1.030225
-0.07481 -0.56841 -1.101275
0.03439 -0.51277 -0.888125
-0.07481 -0.56841 -0.817075
0.03439 -0.51277 -0.603925
-0.07481 -0.56841 -0.674975
0.03439 -0.51277 -0.461825
-0.07481 -0.56841 -0.390775
0.03439 -0.51277 -0.177625
-0.07481 -0.56841 -0.248675
0.03439 -0.51277 -0.035525
-0.07481 -0.56841 0.035525
0.03439 -0.51277 0.248675
-0.07481 -0.56841 0.177625
0.03439 -0.51277 0.390775
-0.07481 -0.56841 0.461825
0.03439 -0.51277 0.674975
-0.07481 -0.56841 0.603925
0.03439 -0.51277 0.817075
-0.07481 -0.56841 0.888125
0.03439 -0.51277 1.101275
-0.07481 -0.56841 1.030225
0.03439 -0.51277 1.243375
0.12105 -0.42611 -1.243375
0.17669 -0.31691 -1.030225
0.12105 -0.42611 -1.101275
0.17669 -0.31691 -0.888125
0.12105 -0.42611 -0.817075
0.17669 -0.31691 -0.603925
0.12105 -0.42611 -0.674975
0.17669 -0.31691 -0.461825
0.12105 -0.42611 -0.390775
0.17669 -0.31691 -0.177625
0.12105 -0.42611 -0.248675
0.17669 -0.31691 -0.035525
0.12105 -0.42611 0.035525
0.17669 -0.31691 0.248675
0.12105 -0.42611 0.177625
0.17669 -0.31691 0.390775
0.12105 -0.42611 0.461825
0.17669 -0.31691 0.674975
0.12105 -0.42611 0.603925
0.17669 -0.31691 0.817075
0.12105 -0.42611 0.888125
0.17669 -0.31691 1.101275
0.12105 -0.42611 1.030225
0.17669 -0.31691 1.243375
