2.49875 1 -9.1534e-18
2.36973 0.99837 5.8493e-13
2.21433 0.985832 -6.18596e-11
1.99554 0.946252 -6.43187e-10
1.64821 0.849319 -2.73924e-09
0.960643 0.585772 -7.06395e-09
936.473 732.541 -0.00145911
5339.74 4176.68 -0.00830584
13351.4 10443.1 -0.0207575
24971.4 19531.7 -0.038814
40199.8 31442.6 -0.0624754
59036.5 46175.7 -0.0917418
81481.6 63731 -0.126613
107535 84108.7 -0.16709
137197 107309 -0.213171
170466 133331 -0.264856
207344 162175 -0.322147
247831 193842 -0.385042
291926 228331 -0.453543
339629 265642 -0.527647
390940 305775 -0.607357
445861 348731 -0.692671
504389 394509 -0.78359
566527 443110 -0.880114
632272 494533 -0.982243
701627 548779 -1.08998
774589 605847 -1.20331
851161 665738 -1.32226
931340 728451 -1.4468
1.01513e+06 793987 -1.57696
1.10252e+06 862345 -1.71271
1.19353e+06 933526 -1.85408
1.28814e+06 1.00753e+06 -2.00104
1.38636e+06 1.08435e+06 -2.15361
1.48819e+06 1.164e+06 -2.31179
1.59363e+06 1.24647e+06 -2.47557
1.70267e+06 1.33177e+06 -2.64496
1.81532e+06 1.41988e+06 -2.81995
1.93158e+06 1.51082e+06 -3.00055
2.05145e+06 1.60458e+06 -3.18675
2.17493e+06 1.70116e+06 -3.37856
2.30201e+06 1.80056e+06 -3.57598
2.4327e+06 1.90279e+06 -3.779
2.567e+06 2.00783e+06 -3.98763
2.70491e+06 2.1157e+06 -4.20186
2.84643e+06 2.22639e+06 -4.4217
2.99155e+06 2.33991e+06 -4.64714
3.14028e+06 2.45624e+06 -4.87819
3.29263e+06 2.5754e+06 -5.11485
3.44857e+06 2.69738e+06 -5.35711
3.60813e+06 2.82218e+06 -5.60497
3.77129e+06 2.9498e+06 -5.85845
3.93807e+06 3.08025e+06 -6.11753
4.10845e+06 3.21351e+06 -6.38221
4.28243e+06 3.3496e+06 -6.6525
4.46003e+06 3.48851e+06 -6.92839
4.64123e+06 3.63025e+06 -7.2099
4.82605e+06 3.7748e+06 -7.497
5.01447e+06 3.92218e+06 -7.78971
5.2065e+06 4.07238e+06 -8.08803
