-2.49875 -1 1.5088e-18
-2.36973 -0.99837 3.85466e-13
-2.21433 -0.985832 6.73083e-11
-1.99554 -0.946252 6.60203e-10
-1.64821 -0.849319 2.77735e-09
-0.960643 -0.585772 7.18591e-09
-936.471 -732.54 0.00146373
-5339.73 -4176.68 0.00833206
-13351.4 -10443.1 0.020823
-24971.4 -19531.7 0.0389365
-40199.7 -31442.6 0.0626727
-59036.5 -46175.7 0.0920315
-81481.6 -63731 0.127013
-107535 -84108.7 0.167617
-137196 -107309 0.213843
-170466 -133331 0.265692
-207344 -162175 0.323163
-247831 -193842 0.386257
-291925 -228331 0.454973
-339629 -265642 0.529311
-390940 -305775 0.609272
-445861 -348731 0.694856
-504389 -394508 0.786062
-566527 -443108 0.882891
-632272 -494529 0.985344
-701627 -548773 1.09342
-774589 -605838 1.20712
-851160 -665726 1.32644
-931340 -728436 1.45138
-1.01513e+06 -793967 1.58195
-1.10252e+06 -862321 1.71814
-1.19353e+06 -933496 1.85995
-1.28814e+06 -1.00749e+06 2.00738
-1.38636e+06 -1.08431e+06 2.16044
-1.48819e+06 -1.16395e+06 2.31912
-1.59363e+06 -1.24642e+06 2.48343
-1.70267e+06 -1.3317e+06 2.65335
-1.81532e+06 -1.41981e+06 2.8289
-1.93158e+06 -1.51074e+06 3.01007
-2.05145e+06 -1.60449e+06 3.19687
-2.17493e+06 -1.70107e+06 3.38929
-2.30201e+06 -1.80046e+06 3.58733
-2.4327e+06 -1.90268e+06 3.79099
-2.567e+06 -2.00772e+06 4.00028
-2.70491e+06 -2.11558e+06 4.21519
-2.84643e+06 -2.22626e+06 4.43572
-2.99155e+06 -2.33977e+06 4.66188
-3.14028e+06 -2.4561e+06 4.89365
-3.29263e+06 -2.57525e+06 5.13106
-3.44857e+06 -2.69722e+06 5.37408
-3.60813e+06 -2.82201e+06 5.62273
-3.77129e+06 -2.94963e+06 5.877
-3.93807e+06 -3.08006e+06 6.13689
-4.10845e+06 -3.21332e+06 6.4024
-4.28243e+06 -3.34941e+06 6.67354
-4.46003e+06 -3.48831e+06 6.9503
-4.64123e+06 -3.63003e+06 7.23269
-4.82605e+06 -3.77458e+06 7.52069
-5.01447e+06 -3.92195e+06 7.81432
-5.2065e+06 -4.07214e+06 8.11357
